1.336273158038267894e+01
6.052161607424681122e+00
-6.256469462152818295e-01
1.971651976856157518e+01
6.378514106625097213e+00
1.049552512454880038e+01
5.190934864418035311e+00
8.576499359567193892e+00
2.113658085821120913e+00
9.442857515621199127e+00
6.313985422948355186e+00
1.592071758751628963e+01
7.120366265548401685e+00
2.368221390361416212e+00
6.287523053988692823e+00
1.448767165223374143e+01
6.643175687479357272e+00
1.178432981898606791e+01
1.065088779867161861e+01
3.845699075833987735e+00
-5.296716188913331180e+00
4.445450945826542544e+00
8.972123077000411229e+00
3.346719686107465286e+00
9.860489304892993800e+00
2.266372558835002593e+01
1.222694502317018816e-01
1.059769881766785460e+01
5.084016104490470589e+00
1.158349407711161305e+01
7.845056872282322402e+00
2.096490082268793742e+00
6.807479670885333789e+00
1.319596356508084334e+01
9.313962267784816618e-01
1.185315965557671980e+01
1.767136260011131199e+01
1.270249330028747181e+01
1.370492234540913934e+01
1.375207190228107557e+01
8.993591415926649901e+00
-3.218784698546153678e+00
9.948630682935849734e+00
1.182790564152745105e+01
-2.542235076309964370e-01
-3.410748234582088756e+00
1.012928935065343872e+01
1.158008895166525321e+01
1.514639011944807656e+01
1.853705507753705461e+01
1.383820024564242246e+00
1.371374745973014697e+01
1.887837618455345989e+01
9.371667409687349348e+00
1.568243387950223777e+01
9.425289847595363923e+00
8.384207989082169021e+00
8.742782800272840049e+00
1.736801512285079596e+01
7.068073797790709989e+00
3.944415857479658172e+00
2.241940474694045093e+01
1.157533778112652456e+01
8.546793089704669555e+00
6.800847936782439263e+00
1.115023999444382241e+01
1.364920090526648266e+01
1.355587825391334178e+01
1.232521032731994559e+01
9.949044934257109674e+00
1.016793205235880926e+01
9.814310098437179164e+00
1.323434594087008520e+01
3.945591907772930895e+00
8.932108468893936504e+00
1.043609177874416538e+01
3.065181231936378481e+00
2.813790632679203441e+01
1.016455195961857072e+01
7.055401171637035063e+00
-2.713863339206854519e+00
9.328768837823778526e+00
6.966616502196147920e+00
1.453897464950066443e+01
7.731347804402794566e+00
1.182407470192030452e+01
1.461500878592495312e+01
9.607220955912318061e+00
1.282579343152731255e+01
-2.998771849995558014e+00
7.772372925796943832e+00
1.464073603544690627e+00
6.025114602830805133e+00
1.498281113858620373e+01
1.075370310383030059e+01
1.024120948734608127e+01
1.593230508281370916e+00
9.199676623168034695e+00
2.999833706899563879e+01
1.096654528326896383e+01
1.459551062546621125e+01
1.422066352760736407e+01
1.321558868131256759e+01
1.343900736989095179e+01
2.060345057729928797e+01
8.042230927075644686e+00
8.495511678310560200e+00
8.225861194687617228e+00
4.508629578346644351e+00
1.385200669455479883e+01
2.413540395970247943e+01
1.815163949522858289e+01
1.074128674066586520e+01
1.142724279257363307e+01
2.293428904376402500e+01
1.504769901407160049e+01
1.257326998871240065e+01
1.124468246854134179e+01
5.447390366564103026e+00
1.103481118703500030e+01
9.913002116938844921e+00
9.877075095632847024e+00
6.456583126882210699e+00
5.488815663063724593e+00
-8.330555534400669870e-01
9.814245023754743613e+00
9.435075951666190619e+00
9.194204971227733836e+00
1.107876917108061754e+01
1.429159252371508870e+01
1.532962091577256913e+01
1.073008035965942319e+01
1.118113696693975889e+01
1.943838160852483554e+01
2.527091623079342497e+01
9.154106792052591146e+00
1.098452369123497796e+01
1.772571195469802774e+01
9.889325117267050658e+00
7.235097913263149216e+00
5.607286460973908149e+00
1.811016421817676303e+00
1.517362429791955414e+01
8.848173955246737776e+00
7.701679349650378370e+00
9.126883033489436414e+00
5.189558759555730205e-01
1.702073551676809871e+01
1.252249653629381498e+01
1.175327395019953158e+01
1.069501181855980931e+01
5.918685775167303653e+00
7.256756733238155732e+00
1.081250777169178079e+01
1.155090837443185592e+01
4.600938483163240278e+00
1.035863979060136231e+01
1.750498596121364159e+01
1.497561674983541202e+01
7.899010195954254243e+00
7.272361598273725747e+00
8.764955754108017416e+00
8.286558587672843146e+00
2.100510797337223323e+01
2.715911643692117039e+01
6.192988353728652307e+00
1.399107871374699918e+01
9.813510578621926328e+00
7.261203618084817180e-01
4.436656888067305182e+00
9.719548014747948272e+00
1.065229183885613296e+01
-1.767083058032945786e+01
6.960839903903551118e+00
2.228269495873408346e+01
7.369136448260681149e+00
9.911363226858146191e+00
1.022752785638748563e+01
-1.010021794929969730e+01
1.111400311859949497e+01
6.066314350744074879e+00
1.573534376991378991e+01
1.795641477698380584e+01
1.636643834669779807e+01
1.212424055121949706e+01
1.012958364273681333e+01
1.025516285554541085e+01
1.761775720177217863e+01
1.156512276483947232e+01
1.225762847029700886e+01
2.141951168517926618e+01
9.085193024288882313e+00
3.050329477961698288e+00
1.015270660926112001e+01
2.631008990550639837e+01
1.389953227365642974e+01
1.809247345098856741e+01
-1.208397670696177073e+01
9.449393353403555906e+00
9.703884335701763675e+00
1.036716718673166682e+01
1.896238260899373529e+00
9.515271519820341695e+00
1.128775487877461359e+01
1.113087005896665893e+01
4.104587368260721902e+00
3.742259592651810962e+00
1.279056908945012339e+01
1.890831099853065567e+01
6.249274948525224360e+00
8.696152556647382070e+00
1.341323219551879298e+01
1.548532983134412078e+01
1.317722657775497197e+01
2.536843897341171328e+00
1.565336597190238521e+01
3.654152860283186754e+00
1.379561105789665021e+01
1.357688310526322795e+01
4.394759853102375047e+00
1.317241989718141859e+01
8.846960388768987826e+00
1.626561093959685422e+01
1.480265582106908262e+01
6.572457416059138247e+00
1.006321519224136019e+01
1.127215593052139297e+01
9.744929118506671983e+00
6.479596412347421008e+00
1.028667869328501894e+01
2.011159044619875402e+01
1.196808192002855087e+01
1.127614924757251202e+01
1.834227026950846096e+01
2.451297963989879491e+01
1.696512052082345789e+01
1.119265101731861201e+01
1.200260404427765693e+01
1.244355590027440428e+01
7.879517634434199280e+00
-8.769137206946378882e+00
3.373087470652199826e+00
-1.757319908819781062e-01
7.557140663080392784e+00
1.600522120861732489e+01
1.973550849562412424e+01
1.571157274001289927e+01
1.161879178751025066e+01
8.520138991635498371e+00
1.137455511819818454e+01
-4.007809671384599426e+00
3.351221251991798766e+00
7.018821688294465844e+00
5.669879280921037434e-01
1.457129320075861223e+01
1.374943303860832700e+01
8.769765224419387550e+00
9.822333197340094912e+00
1.034535442858872578e+01
1.084387768279628084e+01
8.352716260595641984e+00
1.195170004216220150e+01
3.268770783846045802e+00
3.479592998183927754e+00
1.169121455360449602e+01
6.675102681628779067e+00
2.391102091337175217e+00
1.139188596846108936e+01
7.705231013598316636e+00
1.184745886020626848e+01
1.379083992953707849e+01
2.468046443252982058e+00
1.150589131957386080e+01
9.416649344505222174e+00
1.050969083974098517e+01
8.273385368325204325e+00
7.940986044651436870e+00
1.075395066104017694e+01
1.008616371660109934e+01
1.344976808479053432e+01
3.785014330267514993e+00
1.107137632548634265e+01
1.408612939855375501e+01
2.403420310612658994e+01
2.171636030657405314e+01
1.607788159544477580e+01
1.240892763907247698e+01
1.205225073373323852e-01
2.413593517841083624e+01
1.024696765405265886e+01
2.154313723857393370e+01
2.210357442662394334e+01
2.566033627169758802e+01
7.879986679466707500e+00
1.163943062899836178e+01
-9.358703395426886118e-01
1.353779376090281161e+01
9.456469459188781457e+00
1.202420164348213838e+01
4.203618737549188467e+00
1.054251875779285008e+01
2.537912246860591026e+00
5.930366017989823213e+00
1.025353587850511339e+01
2.323708835580027454e+01
4.813672233363072372e+00
4.980414740506761362e+00
-7.642646787624851612e-01
1.074583160223642864e+01
1.198427928658214014e+01
6.389322016443284014e-01
1.011167563302374894e+01
9.805852469466380228e+00
5.880703040187379216e+00
7.515915096177789856e+00
9.252868710591595658e+00
8.130768423706438597e+00
1.591126421138454106e+01
1.101640605899561010e+01
-1.630353466379567351e+00
-7.240289048019313611e+00
-5.178215241392136292e+00
1.369513262969398504e+01
1.513338773503504697e+01
1.065924196548902714e+01
7.587168121556912226e+00
1.602136932963139770e+01
1.694214951114922485e+00
8.313151856908287840e+00
1.201908106870490300e+01
4.929395972378437740e+00
7.153638169334419317e+00
1.053835654403240163e+01
7.525520300664666706e+00
4.794927285649666082e+00
2.715074762155071753e+01
1.509765531581049203e+01
2.868374162645702441e+00
1.294138364131497987e+01
9.572419988593459550e+00
2.693507492491391986e+01
-1.047430323777449601e+00
4.343883574175722018e+00
1.405638295518586212e+01
1.772532101964753792e+01
1.036749053042385249e+01
8.863532977677540003e+00
9.926672091984505286e+00
4.546182135650038703e-01
1.419303933887166025e+01
6.942264049608144916e+00
1.035937088431413144e+01
1.136758633649471939e+01
7.554530716638235610e+00
9.784421264049303346e+00
1.133526707155471946e+01
-7.012601565461654474e+00
9.163643047589831170e+00
1.665326507867764150e+00
7.319129658192804477e+00
1.170870762037003843e+01
1.259219643630830454e+01
1.246742389164874787e+01
1.195014890626060655e+01
6.823001261822630781e+00
9.268458758906101380e+00
3.813249274169121961e+00
2.776860863334624696e+01
1.373148581794032097e+01
2.502147204041097339e+01
5.991719286722524629e+00
3.394600144533868935e+00
2.230118622176107124e+00
1.253111048674190897e+01
2.166535500612617327e+01
3.233690461052916909e+00
3.429993771252934920e+00
2.167229216325208796e+01
8.198248163696966628e+00
6.312511379177903059e+00
9.701738306776981347e+00
1.381618319346183910e+01
1.074303541489640423e+01
4.934570790925686623e+00
2.782179820030574291e+01
6.745632082886357850e+00
9.849054379286947380e+00
1.625421719105722218e+01
2.187108285017730935e+01
1.695472158311272182e+01
1.385760602739699010e+01
2.447740332671214247e+01
1.297574914794327228e+01
1.128030348907763525e+01
8.120357949025009958e+00
1.097385068639054140e+01
1.590923053362396189e+01
1.502181997922124168e+01
1.628349961129254098e+01
1.958400838387114362e+01
1.225440794523778365e+01
1.201812345758191114e+01
8.974585681165049067e+00
9.332201709824634150e+00
1.873058048032587308e+01
1.149852407485734851e+01
1.180644181753631372e+01
9.174636047712329656e+00
1.803287503047354434e+01
1.421745308878831437e+00
1.206771290357325199e+01
1.195837894844149218e+01
-2.759253565810386277e+00
3.865900186612426737e+00
1.292908034605829215e+01
5.622529455301854995e+00
1.291676240755904281e+01
1.862735091211700578e+01
4.810464455413164586e+00
8.727452781558776351e+00
8.261424765636043333e+00
1.305217656387119973e+01
9.266250972288695209e+00
1.195912913324696625e+01
1.678856951869676095e+01
6.729784771541907240e+00
-1.101532168096861497e+00
2.783244207776243151e+00
1.099930161742497603e+01
5.176028836906432673e+00
1.452973602059365810e+01
4.738117503551944054e-01
1.235776185012439932e+01
1.010818984775833584e+01
5.933184101009524980e+00
1.415876589056856361e+01
9.463399192421864115e+00
1.072970735045193358e+01
1.488341093906100099e+01
1.574615213036166672e+01
8.480805844468633836e+00
3.394834835732832623e+00
6.411699538351456340e+00
1.331084081671513353e+01
4.119100998988663775e+00
1.411042960107565847e+01
6.493252966285288252e+00
1.469793156245849630e+01
1.164922850556203038e+01
1.397282871249048597e+01
1.338160464536394478e+01
1.663865047088517812e+01
2.111499844004140058e+01
8.018296258990256220e+00
2.874055116469685700e+00
1.004075484338838464e+01
1.291028676951138898e+01
1.354041509958508982e+01
2.237684257173349778e+01
1.088581762137243025e+01
1.814250238588225272e+01
4.364080489156999754e+00
5.445054637689551669e+00
1.953733546333191740e+01
1.158469642247687048e+01
1.780249818123951400e+01
1.228632197450233221e+00
1.822950600914828101e+01
9.657476355840834970e+00
1.001714697199630066e+01
1.399303365759748452e+01
1.840331719073011385e+01
7.123997268337064703e+00
1.202945246531028367e+01
2.323174260997419793e+01
1.065672801092479283e+01
1.135309246086747592e+01
1.227156551038520504e+01
9.436741972027355985e+00
1.223641776555732896e+01
1.100713200213702336e+01
1.353872606017650781e+01
1.195712935485695638e+01
2.086655722573407701e+01
1.256504472658173377e+01
-1.089744638376226504e+01
5.951099472681676161e+00
1.130666321148370201e+01
3.370890368360114131e+00
2.623505043587744368e+01
1.224015930532687690e+01
1.330455404578695244e+01
1.455685156715565043e+01
1.505429613392838917e+01
5.199274136793104795e+00
1.516623399948055351e+01
1.988421506746807665e+01
5.768715658435707105e+00
1.198086393928653237e+01
1.471255013799242484e+01
8.685986080039072021e+00
1.093590749047423927e+01
4.980503218211521421e+00
1.167892255196371210e+01
1.339584504566764700e+01
1.691869001645089909e+01
2.608593029284358877e+00
9.957068128232313242e+00
9.742963554812828164e+00
1.591574195735983999e+01
7.286152001441284831e+00
1.431750738316192084e+01
7.379047223272682032e+00
1.466804787551091671e+01
1.062560229192863126e+01
6.528605990532534875e+00
7.883881520514075092e+00
9.377447704864467326e+00
1.727578858199734668e+00
1.191173941667184444e+01
1.165202850465736972e+01
8.220717977196143167e+00
5.330507341525679621e+00
9.126061361154665263e+00
1.144769739310406642e+01
-3.490493630789728741e+00
1.918872444569670321e+00
4.814855285462171786e+00
1.898441609041398692e+01
9.145903256635074641e+00
1.996196755257572875e+01
5.764023076273748103e+00
7.368721364280473196e+00
8.089146245878641395e+00
1.023817235796869518e+01
1.742192473601824076e+01
7.295068939477353354e+00
1.447788997861254146e+01
1.639827665459691985e+01
2.282648108255856556e+01
1.626068377751449034e+01
6.650513332951142331e+00
1.254978475414410966e+01
1.247258475267014077e+01
-2.249645593650235753e-01
2.527335820941821254e+01
9.866185326132763223e+00
1.881483094436832815e+00
3.308770163400474473e+01
1.472992491918761004e+01
7.287623770142528379e+00
1.468006638047098100e+01
1.690962715774783121e+01
1.546166700285064977e+00
5.046343365081954246e+00
8.933245317963157461e+00
-3.173085881604364999e-03
2.586627196025456144e+01
5.639785469678480823e+00
4.475787197141506191e+00
1.152148886747202994e+01
7.365875146810889618e+00
-1.872073691619231539e-01
-4.503017471690721862e+00
9.741425353569676204e+00
1.011090887902742175e+01
9.097400471659765842e+00
1.051934136969853206e+01
1.519224963039453158e+01
8.909351040984450520e+00
2.575665033099767243e+00
6.666427793829551085e+00
1.447799632218848842e+01
2.551814373897235200e+00
9.042069178781295236e+00
6.251719395695451098e+00
-2.827840796704158777e+00
8.405678229441921445e+00
1.441879227663515906e+01
9.354396470823454379e+00
-1.218365909812771619e+01
6.536973197504975630e+00
4.986986972721530798e+00
1.068664705186042774e+01
1.381557315898733762e+01
9.628742926802257074e+00
9.193561216286425974e+00
1.339839342190207105e+01
1.044226606300882843e+01
1.098605410228031865e+01
8.672397523042223000e+00
9.298765763646704485e+00
2.390719225578782314e+01
-1.713650979866292445e+00
5.342659242550366727e+00
8.584624671888150260e+00
4.922783900378674637e+00
1.248134182491011046e+01
1.737324645356725838e+01
2.243361970627938717e+01
1.119817474491283882e+01
1.011162498112344998e+01
9.512641109552660623e+00
1.275970942948519316e+01
8.912699302441261295e+00
-3.123062959876854450e-01
1.069259007883017709e+01
2.831281268217670011e+00
3.401153311099676557e+00
8.351412843845048783e+00
4.634954232379266514e+00
1.174265191570078493e+01
8.418640015277725652e+00
9.528864557743693453e+00
6.281347099559285496e+00
1.684358758483451624e+01
7.657076308657384089e+00
6.806785031550711906e+00
1.564351500007853346e+01
8.929547862594802154e+00
-2.623283224607586561e-01
1.222494455475094988e+01
8.645351369176825784e-01
-2.938046347049329654e+00
2.098062538706006919e+01
3.919357979439411110e+00
3.944845892046158653e+00
9.878262145169177444e+00
6.096047080364018100e+00
7.464663652866072141e+00
1.096456864540875209e+01
1.053192342729408892e+01
4.634958069600378927e+00
1.065825208515933653e+01
7.227781303150393022e+00
8.240430472193425615e+00
1.660358283772550436e+01
8.587233674297721109e+00
1.041064188438148896e+01
-1.068357506720261085e+01
1.040931339289665480e+01
2.222619432637605996e+01
1.033580088895688220e+01
1.095134142801567023e+01
8.948531563819596357e+00
-2.731588246423745758e+00
1.089754131414723659e+01
1.233214081773337867e+01
-1.518834747289179532e+01
-6.118297102886185002e+00
1.233879454888068494e+01
7.590094073813959064e+00
3.443426463545918637e+01
1.154791026147416133e+01
4.782861775098904644e+00
1.414476046686984390e+01
7.564497467694074828e+00
1.085418927368426800e+01
8.629614167557859261e+00
7.722916168272817572e+00
-6.512820791481583882e-01
2.286150454243172447e+01
1.214527981359441711e+01
9.178208496584174370e+00
2.135745857336576137e+01
8.703354707985122118e+00
3.993803619351830037e-01
1.431452525836032841e+01
1.218522029479712465e+01
1.085237287423879771e+01
1.988655719101186747e+01
1.090099989281408277e+01
7.422460306183459089e+00
6.094004571374764367e+00
1.381452108042422111e+01
5.630238695322050901e+00
1.634887694992812612e+01
1.219052915618643240e+01
1.476887324029737059e+01
1.430213280629406114e+00
1.865481042284347524e+01
9.550947317379266721e+00
1.066821533580877457e+01
9.397764931703646241e+00
1.885200725981645320e+01
-5.828873013951373139e+00
1.321460468581693348e+01
1.274279082700962462e+01
9.499226356315061182e+00
-4.202451346048039937e+00
8.891818785508529999e+00
-3.956102727685344433e+00
1.301440657507102294e+01
2.885622465408475001e+00
1.104211321455071371e+01
7.634521554319823267e+00
1.130908123143627542e+01
1.197011274935923453e+01
2.627216756274911447e+01
5.566047434254447701e+00
4.183439829725243975e+00
9.773254043375279920e+00
5.432800647329803390e+00
9.068249356230243308e+00
1.533328724371188834e+01
-7.042667150033999235e+00
1.194842911503034699e+01
7.458908986996565460e+00
6.788617866247790289e+00
1.960012138694882111e+01
1.055343065879394437e+01
9.998906711641934564e+00
1.303962041123144999e+01
2.253300354071923906e+01
1.242804439273680828e+01
-1.028992301927038611e+00
8.032577303369787813e+00
9.519560650708871918e+00
3.690304287719903265e+00
9.660350816036663346e+00
1.004718298641082619e+01
1.387859967082438573e+01
1.614663866141170701e+01
7.885429511267157743e+00
1.885375430330989133e+01
2.523953189403044917e+01
4.936678967146406194e-01
1.349322161213391524e+01
1.018688821544069256e+01
8.011154272040368340e+00
1.882150394488388301e+01
8.531675198051869913e+00
1.103580983365436907e+01
2.219715868834743588e+01
7.843335223567843073e+00
-1.012277103176971593e+01
1.784793602123896505e+01
1.029688505694197254e+01
1.208596688639275385e+01
1.555888837122447654e+01
1.354364201263372713e+01
1.308009318123166054e+01
3.786711119290634642e+00
-2.233277249254516761e+00
1.060176533337639881e+01
1.509947434878842110e+01
1.085121298660512856e+01
-9.191860127455321106e+00
6.744789266081342660e+00
1.020253755529988027e+01
4.390738477050959432e-03
9.747880251955423958e+00
-1.012245550383660841e+01
6.731088314689012364e+00
1.910255870881831086e+01
1.623963913311300900e+01
2.015905090330122462e+01
5.733269362033624361e+00
2.853977087363123033e+01
5.667265089537167455e+00
6.688490925682867072e+00
1.015613253585006959e+01
1.533220211095808061e+01
1.915764942926561432e+01
3.345921511890388444e-01
9.271324369118593367e+00
2.226514977135039786e+01
7.016556905212445017e+00
1.523862722851959006e+01
4.685501092956330105e+00
7.848010298365393211e+00
2.267289650000590129e+01
3.197373677506789491e+01
6.422214943478434357e+00
7.076740515002862608e+00
1.963220808720990718e+01
8.503548682850928131e+00
9.428842197203250564e+00
1.209693206192601167e+01
1.476721572551372930e+00
1.132221379415378593e+01
1.019343992109702590e+01
1.611601673771741616e+01
4.056263855071778579e+01
1.141593245387656808e+01
8.057034426859711829e+00
1.236934262488055225e+01
8.338689381176431326e+00
6.223431995361217162e+00
2.891023163051720246e-02
3.441073184224334724e+00
1.890095974726252592e+01
5.810358840178783346e+00
1.314645315804047243e+01
6.349785013039275228e+00
2.232531038677540991e+01
1.464904666470209449e+01
9.040710335972265810e+00
1.086637678725491263e+01
9.553967543654643180e+00
8.836394162613682823e+00
7.605800899905903023e+00
8.787172726456358163e+00
4.280066576194130334e-02
8.796134150401442753e+00
1.474052547236397714e+01
2.691849031358621147e+01
1.211636542735136679e+01
1.018608024565904202e+01
3.073983910559544697e+01
2.114545345690418898e+01
1.139775680713437644e+01
5.801846663459881093e+00
6.838271792754872180e+00
7.821935746238413145e-01
1.345473192347753866e+01
7.375272372532458931e+00
8.492352274206245610e+00
2.148010893952864464e+01
1.007329858885029772e+01
1.278786039170153543e+01
-5.040899349023053588e-01
1.074150761119694231e+01
9.127019312458621414e+00
9.150955821209922902e+00
-1.303870570695838538e+01
1.197588291214099065e+01
1.213834578486412141e+01
2.239289062229983784e+01
6.728421927386065704e+00
8.756816260311479638e+00
1.339399665147448637e+01
5.104385406740609810e+00
1.099609182164248899e+01
1.265916546176379498e+01
5.531633318456749215e+00
-1.954400721349614400e+00
1.322960134595557591e+01
7.144928703767943645e+00
9.287085694208633058e+00
-5.430452388244157547e+00
6.073888244250181145e+00
8.208374539826930771e+00
-8.487122048376871675e-01
-5.600294858276377852e+00
1.169042652467843268e+01
1.404134704874062223e+01
9.711212871898272425e+00
8.085946953217325373e+00
4.735326111587585984e+00
7.021963106340578520e+00
2.209427454059039775e+01
1.015919841564908666e+01
1.111917430978360066e+01
1.022567896346872374e+01
1.409831996278787614e+01
2.394381909178139267e+01
1.028243969526705293e+01
1.384434426004457386e+01
3.719093118235214490e+00
9.599337110416151120e+00
1.826872430190565666e+01
1.402888943612224537e+01
9.690318269237819138e+00
1.063957934570677821e+01
3.732112125638055389e+00
5.733599852878154657e+00
4.993927465255149301e+00
5.235334844655330500e-01
6.302963919831341855e+00
1.367094052942348092e+01
1.655779612163671644e+01
9.238301781289361969e+00
-1.036261085518965075e+01
7.883732881721900121e+00
2.844456379647339617e+01
1.231440422122813416e+01
1.067579930921757381e+01
1.712652867142933744e+01
2.048147328445259774e+01
1.388456681039174612e+01
2.100365169965936474e+00
4.535422172644626215e+00
2.193122845754135852e+01
-1.356045514511655981e+01
1.241636941351725909e+01
1.312846069807666183e+01
1.001231024455268148e+01
8.303073911412617747e+00
8.960677093017640260e+00
-3.592609559058555391e+00
9.355811070904291427e+00
-2.208928709533636692e+01
4.947460240391531094e+00
1.769381654960701411e+01
1.963786740744481918e+01
1.086041255256087013e+01
-1.224616977147485741e+00
2.091246589208363815e+01
2.477222195939479121e+01
8.835067574307041482e+00
4.028261190161861904e+00
1.274731636779053012e+01
1.399270683407746674e+01
1.434022785133299394e+01
-1.332234848050118714e+01
9.053841369154785212e+00
1.077957671369542325e+01
1.090956065011842924e+01
1.404090453727032184e+01
4.947686723672770626e-01
1.989217922866335186e+01
9.911159533239105812e+00
8.419202949528177271e+00
7.363640343998609339e+00
-5.005025561266496226e-01
5.156955712130956826e+00
1.049296948901781690e+01
5.046610220854537587e+00
1.304980505471802132e+01
7.564676207262134966e+00
7.582808842149374229e+00
6.302280499856047769e+00
1.263154672223985386e+01
2.872942403970785819e+00
9.960106205594195572e+00
1.372134238408594165e+01
7.265431695205249341e+00
9.289041367464943022e-01
9.466314602170381676e+00
1.258623712676278927e-01
1.554967895933053157e+01
1.367593452288035571e+01
1.443538294633948027e+01
7.786139777795495043e+00
1.175002147092947524e+01
7.834038369645855759e+00
-1.326229957809757920e+01
1.469340990924658108e+01
9.440004355724294527e+00
1.841349944361476076e+01
8.404703137132091939e+00
5.313410964197200492e+00
1.445962503948808475e+01
1.217161655315285174e+01
1.245361035906963565e+00
6.809390301870578810e+00
-1.627497801791795595e+00
2.364906753538750017e+00
1.118692588993730297e+01
1.423685815876532246e+01
7.737624167224529614e+00
1.131994361995767662e+01
9.788086609692435047e+00
5.470209497750850858e-01
4.778791665812831546e+00
1.591172905704643270e+01
5.468958921456513522e+00
1.084567780660599112e+01
1.172516642650465712e+01
6.711900887810388738e+00
8.682276491646689465e+00
8.039053080362938530e+00
1.358789338821770620e+01
1.141161257384736416e+01
6.950359951139632564e+00
1.445439376292481626e+01
1.352806944693274538e+01
8.784685050527841099e+00
1.491046804083119071e+01
2.126170173480099734e+00
5.417486919582240823e+00
3.217758036320419457e+00
2.498393068936120898e+01
2.730770518682471959e+01
2.122071483164970296e+00
5.368282443730470810e+00
6.895024059282401474e+00
1.953945443396838400e+00
-9.824749493871415496e+00
8.359604679463911836e+00
1.393229023950946655e+01
7.110360000363829869e+00
1.349256886979730652e+01
6.369281621504080171e+00
1.818542556881661909e+01
9.928548893343398518e+00
5.745078874661660784e+00
1.373379660743557018e+01
4.176427112308871870e+00
4.258033783158153085e+01
1.135311645072792786e+01
1.316172621368827400e+01
1.368931316137377507e+01
9.068191737886781567e+00
1.978273561808379100e+01
6.833156264837209726e+00
1.196664174758360488e+01
4.196112427701372383e+00
4.863646847025813180e+00